10
10
0.018476313419925
-0.006980182933503
0.00526840746204
-0.004329902266651
0.00366463346813
-0.003121133312944
0.002627238093042
-0.002130727617541
0.001563503775802
-0.000625740439424
0.039715506052794
0.04146594013277
-0.011115501921848
0.00763241753663
-0.006010032538975
0.004937965973376
-0.00407478295792
0.003267343698072
-0.002382827468771
0.000951361203067
0.03546653596206
0.088877842295599
0.0606789412092
-0.014159829003318
0.00909464012439
-0.006858410556776
0.005417446351254
-0.004241243343926
0.003054235381795
-0.001213502257283
0.037569107839798
0.079012391415601
0.129132601826122
0.074200879106815
-0.015976180134131
0.009745034657175
-0.007034700856014
0.005264470304583
-0.003705871654784
0.001459847422468
0.036343545072102
0.083996243486497
0.115150720445122
0.156469770639412
0.080705466316034
-0.016420143973303
0.009566142534303
-0.006547897288287
0.004423063280411
-0.001716509431243
0.037096671258818
0.081106193865225
0.122042491001143
0.140310498297688
0.168215242218808
0.079555408092175
-0.015452137085989
0.008558328975571
-0.005325894848916
0.002010432921062
0.036636693747827
0.082820531587328
0.118226565874976
0.147868438657275
0.152025205381816
0.163218809714031
0.070862824559996
-0.013147930538376
0.006696949254003
-0.00238507305284
0.036899581940639
0.081856413822009
0.120298380840954
0.14404871441513
0.15893461954678
0.149149617116405
0.141961584764592
0.055477138038759
-0.009643540865792
0.002938511594816
0.036773655390788
0.082314111427732
0.11933315013357
0.145766687020025
0.156034439334114
0.154164018313652
0.131969318014556
0.106496772558715
0.034892878611181
-0.004002843684913
0.036808502762142
0.082188006341312
0.119596715907392
0.145305082347477
0.156791228691873
0.152929643787502
0.134097418995225
0.102135065877519
0.060148335316626
0.009999999980209
