6
6
0.050950010994641
-0.018907306554292
0.013686071433088
-0.010370038766046
0.00736065639664
-0.002909536452562
0.108221658919058
0.106975519937334
-0.027539023355394
0.017496747141229
-0.011653721891197
0.004512237122577
0.097779670092644
0.223172250636899
0.136314679273047
-0.029646965988193
0.016358578843435
-0.006003402610446
0.102122375612932
0.202975957373099
0.276399136380739
0.131006023136045
-0.024876303199823
0.007837084050646
0.100331001384963
0.210247308553352
0.256085372050321
0.253365934704546
0.092430534335698
-0.010995236827718
0.100794192626743
0.208450667155972
0.260463391594726
0.242693594234481
0.159820376610263
0.027777777777786
