7
7
0.037546264993921
-0.014039334556461
0.010352789600743
-0.008158322540276
0.006388413879535
-0.004602326779149
0.001828942561471
0.08014759651562
0.081062063985889
-0.021237992120707
0.014000291238813
-0.010234185730086
0.007153465151362
-0.002812639372405
0.072063846941885
0.171068354983875
0.109614564040089
-0.024619871729003
0.014760377043968
-0.009575259396805
0.003672678397144
0.075705125819834
0.154090155142144
0.227107736673244
0.117478187036981
-0.023810827153005
0.012709985533634
-0.004608844281281
0.073912342163227
0.16135560761587
0.206867241552214
0.237007115342571
0.103086793533922
-0.018854139152648
0.005858900974908
0.07470556205985
0.158307223872389
0.214153423267365
0.219877847031683
0.198752121680802
0.069265501605421
-0.008116008197737
0.074494235556085
0.159102115733561
0.212351889503195
0.223554914507038
0.190474936822289
0.119613744612577
0.02040816326528
