8
8
0.028802823892615
-0.01082169805201
0.008069010203842
-0.006493073596524
0.005300041017283
-0.004223309649999
0.003069413349133
-0.001223820725627
0.061680826212953
0.063307905435275
-0.016766167621284
0.011276575963157
-0.008575400848058
0.0066070568984
-0.004723817373973
0.001872074494435
0.055285563267229
0.134572019854461
0.088830181899108
-0.02032248583699
0.012631022220411
-0.008970025754036
0.006180900917004
-0.002417353782598
0.058300686057522
0.120477661477359
0.186414284318475
0.10143090415742
-0.021196196398542
0.012247274295368
-0.007798637777874
0.002970397539711
0.056682008984667
0.127043161483555
0.168088370419149
0.209202248764132
0.099187005744571
-0.019275308810366
0.010069646505027
-0.003621850203948
0.057543032016798
0.123740992239693
0.17595155228325
0.190819813747968
0.199456888942577
0.082437024757919
-0.014724795758335
0.004534800033074
0.057146971558352
0.125220694738436
0.172643313187587
0.197414436140827
0.185210784696012
0.158621287474284
0.053712487445945
-0.006232535778931
0.057254407370884
0.124823950665373
0.173507397816479
0.195786083727739
0.188258772693473
0.152065310324076
0.092679077401044
0.015625000000568
