9
9
0.02278837536807067
-0.008589637018564699
0.006451026712702162
-0.005257529852076279
0.004388831823699692
-0.0036512160405965718
0.002940488522070371
-0.002149274261724291
0.000858843015765904
0.04890794586627362
0.05070202808112324
-0.013523809523809523
0.0092093722591154
-0.007155713595855832
0.005747246546427303
-0.004542586750788643
0.003288162614587485
-0.0013090737935193492
0.04374275782155272
0.10830188679245283
0.0729195658224325
-0.01687988628287136
0.010704554301284546
-0.007901951298177712
0.005991408546235586
-0.004248025040989715
0.0016781487369722664
0.046249237649928845
0.09656073138876796
0.15429879045439687
0.08671938914644123
-0.01845163832162322
0.01103665746945211
-0.007673279822302994
0.00522822499907301
-0.0020359059781602813
0.044834437086092714
0.10230692076228685
0.13821752265861026
0.1812638580931264
0.09043360890838535
-0.018085063817869004
0.010193388587215396
-0.0064052627023283995
0.002427169955701159
0.04565875126065829
0.09914547513641511
0.14574712643678162
0.16364812419146182
0.18594459226796056
0.08361328854050018
-0.015809935205183586
0.008138249773937506
-0.0029104684468262035
0.0452006094464195
0.1008537886872999
0.14194236926360726
0.1711894496576211
0.16978346456692914
0.1677683349071451
0.06707897240723121
-0.011792232101076276
0.003609246039117858
0.04541649225617413
0.10006039863096436
0.14365281967974008
0.16801909307875895
0.17556071152358854
0.1558861578266494
0.12889390519187358
0.04281081081081081
-0.004934575293856731
0.04535729567821994
0.10027662517289074
0.14319340918007062
0.16884697292363857
0.17413666421748714
0.15842204132748905
0.12359469065061289
0.07382699577496109
0.012345679012345678
