9
9
28.12162050711918
8.920814560497982
-2.604098146757204
1.191148508655466
-0.6709157495480333
0.4243453632821073
-0.2840068740826958
0.1856318143796033
-0.07082536564038017
-20.72548853216412
5.475035047341803
6.34280980786513
-2.291423176287859
1.188336140363189
-0.7232943542630217
0.4745459674676873
-0.3070287659224356
0.116691570507916
9.942395124723413
-10.42353001154602
2.333084934739279
5.229394625900486
-2.089597161276421
1.155802672341558
-0.7249963193931634
0.4589105417028003
-0.1730063584958695
-6.693496661572238
5.542326140057604
-7.696717067650091
1.344334774193981
4.841421865305855
-2.049892537882426
1.166174250654437
-0.7071561445205545
0.2625635827763553
5.358464164903837
-4.085175774162151
4.371199095761827
-6.881099235372767
0.9171195218671361
4.96429499073757
-2.166186967539258
1.199156875011361
-0.4322661210881841
-4.873254668125417
3.575312109199228
-3.476543328442947
4.189290186611154
-7.138100101258324
0.7010817584864251
5.66054201103338
-2.435314658480086
0.8219225452442168
5.015766931314707
-3.607324992140615
3.353577011062931
-3.665053271653208
4.789908221437949
-8.704919057634042
0.5843655392951694
7.333830702327661
-2.025049303987296
-6.128129771423998
4.362663221432119
-3.967950990720946
4.154323103580383
-4.956501771433194
7.000504290537858
-13.70874062349418
0.5233552815248499
8.955080194045784
14.63489458687117
-10.37866916010474
9.363351333450467
-9.654964999449049
11.18369968756429
-14.78896478986256
23.69365249822976
-56.05310831617301
40.99999047255851
