7
7
17.055284304421413
5.475299512185774
-1.6185811051909482
0.7496541282385945
-0.42189137598307364
0.2510502142464909
-0.09232481935375843
-12.948988698813922
3.376585145453709
4.054013503924713
-1.4863139760059383
0.7728544737784571
-0.4449469472005972
0.16177470033510882
6.526797433699976
-6.912304925480669
1.483746931003308
3.594603354456324
-1.4502156012227374
0.7670384491810368
-0.2714284856195312
-4.760415643175907
3.990860318100061
-5.6606883336604
0.8949802937872913
3.7358993914996805
-1.5419785025490096
0.5117126570994797
4.329451016627525
-3.3535280016719904
3.6906179318587427
-6.037309187263688
0.6499973865954187
4.5773009414106935
-1.24405664667439
-4.943623833513036
3.7048026760293684
-3.7457284313753414
4.781665625759583
-8.783388755917976
0.5394059387286799
5.443680188066931
11.495455205091261
-8.51707242304569
8.381031301958451
-10.033441651956316
15.094393943002817
-34.42036637507302
25.000000000002842
