10
10
34.69232502970517
10.966768447401911
-3.1888361830053498
1.4517413398085455
-0.8145142991754143
0.5155609176322256
-0.3505521259038993
0.2454669451331064
-0.1646677267739725
0.06348907451238398
-25.35018316513354
6.721569367410851
7.70653109830088
-2.7698267591152406
1.4299949714920244
-0.8703074015955696
0.5794025683139381
-0.40091971024534256
0.26724017992493165
-0.10278178936015504
11.992920109353374
-12.538605512962974
2.839027329258055
6.22423848780044
-2.473150289770551
1.365614636519404
-0.8671976828075998
0.5850983026293338
-0.3849037780912501
0.14729054384347962
-7.901612600127852
6.5219380336895965
-9.007825876734222
1.6146346356008987
5.584101783467336
-2.3541470706959737
1.350699034973169
-0.868143752053119
0.5575855998823964
-0.21147021066797933
6.129183935478244
-4.65517513224042
4.948364914153292
-7.720239586596508
1.0823204227379222
5.467936015807179
-2.392162730656131
1.390978945888269
-0.8546166049618518
0.31903624533100716
-5.3219491237805325
3.8865206511610904
-3.748229391163651
4.464757053947488
-7.5008453655582485
0.8089080393324013
5.8250817325144615
-2.593469545406309
1.4531681473298375
-0.5264529082517906
5.0929278986351125
-3.6416056225817286
3.3499652357125287
-3.6053466113157304
4.618508009789485
-8.198345496103933
0.6554600336656977
6.815061568097562
-2.965593873416087
1.0056089759065838
-5.413266320228118
3.8249111908490856
-3.430855939444765
3.5174791387515514
-4.076458168494302
5.540600000065466
-10.344779439285919
0.566944192442181
8.972079590873564
-2.488598425387138
6.738407976178721
-4.730947619120478
4.188015250970997
-4.1921216047632495
4.647465743513024
-5.760682665117663
8.353059309134457
-16.64851704630803
0.5188109490269532
11.039947951797002
-16.21476098767383
11.355997840165479
-10.002157503365567
9.922800576320306
-10.827984815797603
13.025078628731642
-17.67770051219007
28.820399798338787
-68.9016730565906
50.50000001043166
