8
8
22.242599964337323
7.09031167389179
-2.0807353791502523
0.9573357504593434
-0.540728980899452
0.3384923324208553
-0.21314332000206176
0.0801257030832307
-16.591130197068853
4.35999414207704
5.124924766025386
-1.8637038978952032
0.9703156119130334
-0.5854993702772504
0.3623040837764236
-0.13533257975119414
8.118236017832936
-8.545188959244902
1.881185647976547
4.350635666704611
-1.7491131793875843
0.9622684139401396
-0.5721096798567562
0.21071710374898062
-5.639723637381487
4.692019558245529
-6.569032942166048
1.1041272031116123
4.215993576844429
-1.785226863807662
0.9708780178956667
-0.3474443618648021
4.735927090909831
-3.6318485926341344
3.9264353566170875
-6.268039956821772
0.7723495370117615
4.633138954061085
-1.960843611673611
0.6573515746462363
-4.647608208505673
3.4355514890123686
-3.386351875078142
4.1608354660521805
-7.2632440822816005
0.609935129665363
5.868786019492764
-1.610220196711372
5.527970024357104
-4.015656325486241
3.8030184072472686
-4.274300739460949
5.806461483820327
-11.085659975320489
0.5298083758932595
7.089657599434723
-13.06099604150684
9.42749172336356
-8.803581949358339
9.613824007738295
-12.234234226304029
19.11652897587241
-44.559032489283
32.49999999984475
