6
6
12.559703476291558
4.075825988876236
-1.2172038084642756
0.5662318669442378
-0.30710421225701623
0.10908601078811433
-9.80283871256768
2.525081407963589
3.1322258626474486
-1.1574099927745682
0.5833821924543656
-0.2025476984691764
5.182157838559082
-5.5445229095276725
1.1416181668475869
2.9749762538213944
-1.17801932705897
0.384542362009175
-4.108239093458769
3.4915029091139047
-5.06987875099385
0.7189441918974788
3.4600417960871512
-0.9264431104036135
4.385785063402029
-3.4640050474527864
3.951542456587669
-6.810539438890804
0.554652756999876
4.017132806950848
-9.942977421923656
7.676062157228433
-8.232737128216979
11.638707277372383
-25.639054884458734
18.50000000000168
