10
10
34.69232502970517
0.0
0.0
0.0
0.0
0.0
0.0
0.0
0.0
0.0
-25.35018316513354
14.735145529665788
0.0
0.0
0.0
0.0
0.0
0.0
0.0
0.0
11.992920109353374
-16.32974887780958
9.899612335570609
0.0
0.0
0.0
0.0
0.0
0.0
0.0
-7.901612600127852
9.019757239305749
-13.025155980408556
8.028558997267854
0.0
0.0
0.0
0.0
0.0
0.0
6.129183935478244
-6.592702840007798
7.917219910468049
-11.803138152893988
7.348348941499744
0.0
0.0
0.0
0.0
0.0
-5.3219491237805325
5.568869230548034
-6.269319813801177
7.757846921927829
-11.856005917599752
7.437592545755263
0.0
0.0
0.0
0.0
5.0929278986351125
-5.251557130179464
5.73422712283884
-6.645117074101162
8.435398959781342
-13.212655073215057
8.344817649641776
0.0
0.0
0.0
-5.413266320228118
5.536126516637404
-5.948393210535254
6.6864827315095665
-7.960986987065349
10.39251914769183
-16.78575063574173
10.667804643372223
0.0
0.0
6.738407976178721
-6.861060256875452
7.310784061554715
-8.09711541882934
9.378446972692407
-11.542777352056891
15.680964724213792
-26.661651368428462
16.957971527748768
0.0
-16.21476098767383
16.481728935718287
-17.506256963005995
19.283004883144194
-22.118916970147026
26.719278013596444
-34.77886868261771
51.40970176013403
-101.99937597594996
100.00000019791001
