7
7
17.055284304421413
0.0
0.0
0.0
0.0
0.0
0.0
-12.948988698813922
7.533630565537089
0.0
0.0
0.0
0.0
0.0
6.526797433699976
-9.007618622222072
5.481030239662363
0.0
0.0
0.0
0.0
-4.760415643175907
5.519108161035494
-8.182139256326233
5.076916940320821
0.0
0.0
0.0
4.329451016627525
-4.7434222195729845
5.88028548633466
-9.177268783454162
5.767605250041315
0.0
0.0
-4.943623833513036
5.291866291090117
-6.199349977496321
8.144104077197095
-13.550963759504175
8.559150685055837
0.0
11.495455205091261
-12.207486440974009
14.04980785652862
-17.692764474574272
25.592566365571464
-50.16581114306298
49.000000000062705
