8
8
22.242599964337323
0.0
0.0
0.0
0.0
0.0
0.0
0.0
-16.591130197068853
9.648777121942167
0.0
0.0
0.0
0.0
0.0
0.0
8.118236017832936
-11.133052954503542
6.763110073877302
0.0
0.0
0.0
0.0
0.0
-5.639723637381487
6.489803918336671
-9.499739210811038
5.877181354881588
0.0
0.0
0.0
0.0
4.735927090909831
-5.141528180147176
6.273337583719217
-9.56553223383701
5.988215236218091
0.0
0.0
0.0
-4.647608208505673
4.91707751516391
-5.641879725045468
7.17804668072427
-11.390074065344
7.196683028805737
0.0
0.0
5.527970024357104
-5.777816795011676
6.459626980346215
-7.755370377757015
10.353167622768803
-17.402525966134103
11.027725569557937
0.0
-13.06099604150684
13.590967794246959
-15.058035547700658
17.750637641653906
-22.708539332972958
33.18298962501231
-65.41052362120828
63.99999999767351
