9
9
28.121620507119186
0.0
0.0
0.0
0.0
0.0
0.0
0.0
0.0
-20.72548853216412
12.049629133210995
0.0
0.0
0.0
0.0
0.0
0.0
0.0
9.942395124723415
-13.57748279219759
8.238264879226067
0.0
0.0
0.0
0.0
0.0
0.0
-6.69349666157224
7.665654789062093
-11.130722452468378
6.871549005441021
0.0
0.0
0.0
0.0
0.0
5.358464164903838
-5.785001896631851
6.991162344965675
-10.515432511560865
6.562034645430767
0.0
0.0
0.0
0.0
-4.873254668125416
5.121218796526239
-5.807890636925655
7.263359610824676
-11.257193758162114
7.0849073053038545
0.0
0.0
0.0
5.015766931314707
-5.198439795130327
5.7264701465247825
-6.722438723969269
8.686335483531838
-13.929514666823389
8.83163674561455
0.0
0.0
-6.128129771423998
6.306644695746549
-6.850689305044569
7.827623486118261
-9.538728780121243
12.866440236615567
-21.773305826337065
13.82752822799073
0.0
14.63489458687118
-15.021188985335389
16.23306935325094
-18.372934874173005
21.977530215619502
-28.40524611078816
41.789062004543574
-82.68843431334813
81.0
