10
10
0.0
0.0
0.0
0.0
0.0
0.0
0.0
0.0
0.0
0.033112305987619196
0.0
0.0
0.0
0.0
0.0
0.0
0.0
0.0
7.458704229624364e-5
-0.04206020303642798
0.0
0.0
0.0
0.0
0.0
0.0
0.0
4.3229974166972935e-6
-0.00025188280616572807
0.043720338595178106
0.0
0.0
0.0
0.0
0.0
0.0
2.6768837450124983e-6
-3.009412639538251e-5
0.0005895055308244827
-0.04539785052424472
0.0
0.0
0.0
0.0
0.0
3.415537266501592e-5
-4.644981119242667e-5
0.00015264251176917644
-0.0012784915467958303
0.049818009873236445
0.0
0.0
0.0
0.0
0.003933228932232758
0.004537538614810151
0.0009670195139295977
-0.0008408942976660463
0.002977107040177802
-0.05970995162577039
0.0
0.0
0.0
0.03442676308088828
0.05728280333398077
0.059876258949545236
0.041695321479847086
0.008118637752951326
-0.00874344170622921
0.08164181461446156
0.0
0.0
0.1640688727220064
0.24876551691042564
0.28501493637806435
0.2886567833175724
0.2612298767874675
0.190653513736139
0.04763207066006001
-0.13999324341704095
0.0
0.6313595674741904
0.6954262367490055
0.7073662810551619
0.7085978035875814
0.7085818855038946
0.7080663378609091
0.7005050640087743
0.6570627275064007
0.41546657506024004
1.0
0.7754902298280768
0.6996168624646251
0.6607294907950234
0.6429298942689088
0.6410797268448242
0.6547225179700532
0.6876607080471169
0.7522714908606496
0.8878282492433349
