7
7
0.0
0.0
0.0
0.0
0.0
0.0
0.04074632751487662
0.0
0.0
0.0
0.0
0.0
0.0004198061025119186
-0.05541303527491339
0.0
0.0
0.0
0.0
0.0002392350183849183
-0.0018422745134746784
0.06610210126996044
0.0
0.0
0.0
0.014113782710800068
-0.00484382532969002
0.007078847825629488
-0.0868779989969897
0.0
0.0
0.14145818703928825
0.1875317356112437
-0.16002741179860003
-0.04404744720725086
0.1439851911901646
0.0
0.6276071568084812
0.6866786913122863
0.69676300201663
-0.6911990535560449
-0.6515510361538152
-0.4193842378798109
1.0
0.7785301899880149
0.7130651837084767
0.6922094829580137
-0.7047067304624318
-0.757289501698214
-0.8869819522118523
