8
8
0.0
0.0
0.0
0.0
0.0
0.0
0.0
0.03698756421372705
0.0
0.0
0.0
0.0
0.0
0.0
0.00020744770861644548
-0.04872749928453656
0.0
0.0
0.0
0.0
0.0
4.4968886919341484e-5
-0.0008003440060301071
0.05444362907633393
0.0
0.0
0.0
0.0
0.00030288334405599376
-0.00048219759578226615
0.0023728296565104882
-0.0636727882589012
0.0
0.0
0.0
0.02304512122344539
0.0260933001331323
0.0063164463306125095
-0.007863493593621675
0.08467325057912455
0.0
0.0
0.15210008229067515
0.21720532329440365
0.2235923729189141
0.17450289871323124
0.04572970420739983
-0.14224097183522602
0.0
0.629348208307017
0.690915228259225
0.7027133672634223
0.7034737664480948
0.6958108880393337
0.6541180891477238
0.4176136707884628
1.0
0.7771234346619251
0.7067543507660018
0.6771149779687885
0.6741291854249174
0.6966748268709182
0.7549636886405058
0.8873758993423628
