9
9
0.0
0.0
0.0
0.0
0.0
0.0
0.0
0.0
0.034625777497775505
0.0
0.0
0.0
0.0
0.0
0.0
0.0
0.00011814576155936487
-0.04465135263900448
0.0
0.0
0.0
0.0
0.0
0.0
1.2355277876465024e-5
-0.00042087870317464
0.04780461363144614
0.0
0.0
0.0
0.0
0.0
1.9189175190483623e-5
-0.00010062308597118436
0.0010796180275611626
-0.05205390802909755
0.0
0.0
0.0
0.0
0.0020345038815336356
-0.0006519325199042911
0.0006827660067288035
-0.002729530277167996
0.061477448021933064
0.0
0.0
0.0
0.029596983353744923
0.04380187788307013
-0.03505046946221838
-0.00735994559052529
0.008382740139778796
-0.0829598866860719
0.0
0.0
0.1591475640386043
0.23602488410934772
0.2610442231707083
-0.24613394386896711
-0.1840302776160253
-0.046848807660134544
0.1409580136647158
0.0
0.630525445941588
0.6936036532324691
0.7056950437215758
0.7074024611797249
-0.7065207527787634
-0.6986370064416043
-0.6558442772400345
-0.41637351805362455
1.0
0.7761685783514827
0.7025567771242058
0.6673910232572283
0.655373883942549
-0.6625839922414976
-0.6913642635432559
-0.7533886088149636
-0.887645500325281
