8
8
0.003580748083140035
-0.003580748083140035
0.003149933096104121
-0.003149933096104121
-0.0003853826215972972
0.0003853826215972972
-0.0008001870381332261
0.0008001870381332261
-0.004363681206643212
0.004363681206643212
-0.004834942463004557
0.004834942463004557
0.0009930390148794009
-0.0009930390148794009
0.0006898781047229099
-0.0006898781047229099
-0.0004362813776185893
0.0004362813776185893
0.003697510433403155
-0.003697510433403155
-0.0004240906565200342
0.0004240906565200342
-0.00114720089542165
0.00114720089542165
0.02854234115708072
-0.02854234115708072
0.009193996366318445
-0.009193996366318445
-0.001307470143264523
0.001307470143264523
-0.002033379776569006
0.002033379776569006
-0.1335661234913695
0.1335661234913695
-0.008111398469778697
0.008111398469778697
-0.03087636115920571
0.03087636115920571
-0.01356169462595832
0.01356169462595832
0.2667619904097213
-0.2667619904097213
-0.2043691404238844
0.2043691404238844
-0.1215321068412871
0.1215321068412871
-0.04009973717363198
0.04009973717363198
0.3548857003600987
-0.3548857003600987
-0.2403049043346973
0.2403049043346973
-0.1383935428369451
0.1383935428369451
-0.04522832213824987
0.04522832213824987
0
-0
0
-0
0
-0
0
-0
