7
7
-0.006748283673827867
0.006748283673827867
-0.003752070310113273
0.003752070310113273
0.002413185132715606
-0.002413185132715606
0
0.01653776578771143
-0.01653776578771143
0.003417068656059955
-0.003417068656059955
-0.002784572851146391
0.002784572851146391
0
-0.04521398010895408
0.04521398010895408
0.0058674079586297
-0.0058674079586297
-0.0003644386248259768
0.0003644386248259768
0
0.1273331096424904
-0.1273331096424904
-0.006982541102518428
0.006982541102518428
-0.02195560159570464
0.02195560159570464
0
-0.2101745903270195
0.2101745903270195
-0.1637460085594049
0.1637460085594049
-0.08308330715028506
0.08308330715028506
0
-0.3736345510756929
0.3736345510756929
-0.2335148117292188
0.2335148117292188
-0.1119536896687853
0.1119536896687853
0
0
-0
0
-0
0
-0
0
