9
9
0.007622413879630694
-0.007622413879630694
-0.001439627871692416
0.001439627871692416
-0.0004272047168150711
0.0004272047168150711
0.0004691262039910517
-0.0004691262039910517
0
-0.01256769774004303
0.01256769774004303
0.002683663645778509
-0.002683663645778509
0.0003400814456084796
-0.0003400814456084796
-0.0005631101419412538
0.0005631101419412538
0
0.01779698179185313
-0.01779698179185313
-0.00410567096025713
0.00410567096025713
5.649301675948422e-05
-5.649301675948422e-05
0.0004635302223634341
-0.0004635302223634341
0
-0.02036500475219431
0.02036500475219431
0.002192866931521422
-0.002192866931521422
0.001282783281205431
-0.001282783281205431
-0.001079503008613749
0.001079503008613749
0
-0.001802309220643006
0.001802309220643006
0.01626806992291816
-0.01626806992291816
-0.0009018398656351571
0.0009018398656351571
-0.004665634282317158
0.004665634282317158
0
0.1263561187281807
-0.1263561187281807
-0.01564892632103844
0.01564892632103844
-0.04163445645561022
0.04163445645561022
-0.02753084154025949
0.02753084154025949
0
-0.3155767252913953
0.3155767252913953
-0.2403669357840476
0.2403669357840476
-0.1560132429203109
0.1560132429203109
-0.0764374545047064
0.0764374545047064
0
-0.3331155495687011
0.3331155495687011
-0.24012999528825
0.24012999528825
-0.154239246354335
0.154239246354335
-0.07544641933162018
0.07544641933162018
0
0
-0
0
-0
0
-0
0
-0
0
