6
6
-0.0230267841698141
0.0230267841698141
-4.734875033146103e-05
4.734875033146103e-05
-0.004687193215422288
0.004687193215422288
0.04984175618222006
-0.04984175618222006
-0.007217152264595271
0.007217152264595271
0.001383633767109066
-0.001383633767109066
-0.1084253275131922
0.1084253275131922
0.0120841865283501
-0.0120841865283501
-0.01321578409215612
0.01321578409215612
0.1485393865678116
-0.1485393865678116
0.1197517413000998
-0.1197517413000998
-0.04164935048440405
0.04164935048440405
0.3863494321734705
-0.3863494321734705
0.2158729666501112
-0.2158729666501112
-0.0692528236336135
0.0692528236336135
0
-0
0
-0
0
-0
