9
9
1.1307508801080106
-0.7136445559279426
0.6387880038744757
-0.6369063139474939
0.6815070917754174
-0.7776874113026565
0.9504402434321835
-1.2309869226489347
1.0
3667.0725095764665
2372.3297995584176
-238.2030976355088
82.71070042204433
-37.1600222936628
17.306003593311278
-6.912080038036386
1.5859788156632781
0.0
145178.14252370642
152574.99836419636
35081.64844027716
-1669.5923610560467
272.585274608007
-50.1083785001358
6.283476634034001
0.0
0.0
758337.4808704561
931078.7956605555
361670.0526361179
37001.47358606457
-727.4225484471212
33.78722716595607
0.0
0.0
0.0
191811.2117829672
246475.36773012686
108836.18371407018
16698.8981014417
491.52032054428275
0.0
0.0
0.0
0.0
827983.4202849296
1.0357089324514014e6
424413.12617956445
52112.714073084506
0.0
0.0
0.0
0.0
0.0
260067.92276001844
288327.6466225807
80937.0707804842
0.0
0.0
0.0
0.0
0.0
0.0
10914.829088187533
8464.120818227817
0.0
0.0
0.0
0.0
0.0
0.0
0.0
28.88021792620379
0.0
0.0
0.0
0.0
0.0
0.0
0.0
0.0
