10
10
-1.0560466933426167
0.6621385649767212
-0.5857174779641711
0.5733898781782657
-0.5973911008946774
0.6563940567845677
-0.7621288260063959
0.9420773673558213
-1.228286177606358
1.0
-5130.603584153266
-3360.723476592411
345.5849017110531
-124.77706040204556
59.87432672870338
-31.408541335420782
15.967174306570783
-6.713486366664422
1.5838834976407947
0.0
-333620.7991151947
-358724.90868251096
-86457.0402981043
4470.1208166671395
-840.0011209830479
199.7562929514132
-44.042077285270466
6.095001345528663
0.0
0.0
-3.324366216920149e6
-4.226933334314614e6
-1.7713090922113229e6
-208013.3739917237
5279.2017401140365
-423.03748117120057
29.047168845076268
0.0
0.0
0.0
-5.1454254162075715e6
-6.973994600631815e6
-3.477324758052294e6
-677938.192810364
-33776.300562633405
254.24403644675075
0.0
0.0
0.0
0.0
3.6211716142363274e6
4.938780919939795e6
2.502862754163665e6
508037.08359173784
29277.97069607918
0.0
0.0
0.0
0.0
0.0
4.483465280466364e6
5.82964661044766e6
2.6005622508556894e6
373568.707219047
0.0
0.0
0.0
0.0
0.0
0.0
686846.9267801684
781178.2828996499
231320.98023874956
0.0
0.0
0.0
0.0
0.0
0.0
0.0
17030.1531024392
13407.154503167128
0.0
0.0
0.0
0.0
0.0
0.0
0.0
0.0
30.200252449162054
0.0
0.0
0.0
0.0
0.0
0.0
0.0
0.0
0.0
