8
8
-1.216309443985135
0.7745711990817109
-0.7047162902818888
0.720813422881287
-0.8007917263473454
0.9624745454361837
-1.2348067801010063
1.0
-2425.996346794275
-1541.9904328091154
149.48472661028225
-48.81099637480769
19.577655196193895
-7.217791222879448
1.5889454944029437
0.0
-53223.96075968367
-54131.47455507723
-11608.41136250255
484.9879152109913
-61.967220815833564
6.574618402171025
0.0
0.0
-114778.95500915937
-133762.92202809418
-46180.6319865375
-3738.304049068931
43.39313255521655
0.0
0.0
0.0
83760.20262171504
98821.41003842597
35402.79180830512
3301.6011597360434
0.0
0.0
0.0
0.0
80292.4445263645
85793.80247573365
22237.597336879866
0.0
0.0
0.0
0.0
0.0
6350.526746559602
4820.491904535429
0.0
0.0
0.0
0.0
0.0
0.0
27.036113927958358
0.0
0.0
0.0
0.0
0.0
0.0
0.0
