6
6
3.827345679129936
-1.714446080451497
-2.305825373585981
1.58822600381673
-0.8084430704974082
0.2684725320389636
3.827345679129925
-1.714446080451496
-2.305825373585979
1.588226003816731
-0.808443070497409
0.2684725320389639
-14.51538532770464
8.458630975658309
6.080035742841249
1.111845966456954
-0.677518062962447
0.1019854670952756
-14.51538532770459
8.458630975658322
6.080035742841246
1.111845966456951
-0.6775180629624453
0.1019854670952745
-10.7561947347917
6.727101554932027
3.880123680373705
2.498148048933212
-1.380462306021789
0.8949227610586259
-10.75619473479162
6.727101554932065
3.88012368037371
2.498148048933203
-1.380462306021784
0.8949227610586221
