9
9
-2.466069653406385
7.824313472762096
6.480752190709406
-5.426429543196628
2.028037588079569
-0.5398651372689753
0.0714858942919836
0.04288717003294695
-0.02824650118608008
-2.466069653405125
7.824313472763249
6.480752190709737
-5.426429543196598
2.028037588079568
-0.5398651372689783
0.07148589429198537
0.04288717003294583
-0.02824650118607974
-55.50464612858248
-147.5034688508345
-55.70010781157311
21.46214549313372
1.904542221018964
0.1758949141250619
-2.110951915688965
2.063215739827436
-0.8710724062841499
-55.50464612858266
-147.5034688508348
-55.70010781157316
21.4621454931338
1.904542221018988
0.1758949141250586
-2.110951915688968
2.063215739827438
-0.8710724062841515
564.1679870526789
745.8161755750619
246.3050126594909
-4.845552107367983
-16.52833965129491
3.430221849417313
-4.907523412049411
4.266429518700088
-1.688669313250464
564.167987052685
745.816175575068
246.3050126594922
-4.845552107368272
-16.52833965129504
3.430221849417309
-4.907523412049432
4.2664295187001
-1.688669313250476
2476.683421939062
2331.6104047157
806.197827589193
146.0836455917262
28.41699054467931
-5.659569833515889
9.46076579094289
-8.416628326789871
3.941177664060639
-1744.583539452016
-1771.984648455063
-600.0920146658297
-84.32600936450355
-1.563915336541797
-0.2333539990116097
1.997838951648706
-1.944778386809983
1.117185924865779
-1744.583539452029
-1771.984648455075
-600.0920146658327
-84.32600936450341
-1.56391533654169
-0.2333539990115863
1.997838951648671
-1.944778386809965
1.117185924865774
