7
7
1.3146260315637825
-0.8479186841177027
0.7895832251635219
-0.8377450317453115
0.9807964872979347
-1.2404737287366354
1.0
1444.9768142408473
894.6560067395618
-82.0747694496269
24.110643409162176
-7.7345953140753885
1.593353404516955
0.0
15222.296569688848
14731.086740643595
2826.888247598957
-93.92976987487269
7.069226751239661
0.0
0.0
4760.51092083083
5100.705416441379
1434.5652167517849
70.85272747147975
0.0
0.0
0.0
18165.065488272503
18343.44264381081
4179.990064794968
0.0
0.0
0.0
0.0
3239.4756540716403
2382.0520807498488
0.0
0.0
0.0
0.0
0.0
24.54208909097137
0.0
0.0
0.0
0.0
0.0
0.0
