7
7
-1.957209944595315
-7.169127190993039
0.9682600949756441
1.386456913408763
-1.181944874339246
0.7382192518942056
-0.2698861973355519
-1.957209944595269
-7.169127190992989
0.968260094975657
1.386456913408763
-1.181944874339247
0.7382192518942059
-0.269886197335552
44.05812406266425
51.56861893080213
2.37414092673049
-2.191631663478686
-2.023659364874628
1.59092129805896
-0.5538024232286318
44.05812406266425
51.5686189308021
2.374140926730465
-2.19163166347869
-2.023659364874627
1.590921298058959
-0.5538024232286315
258.1319263182243
189.0737630804659
49.08731481782078
4.110647469687233
4.053447889300823
-3.112755366584763
1.646774913548407
-171.1304232423938
-139.0159671251046
-27.89983336615251
-1.166092320033566
0.9572534635575862
-0.6219630065215219
0.5158962865443453
-171.1304232423939
-139.0159671251046
-27.89983336615249
-1.166092320033562
0.9572534635575801
-0.6219630065215187
0.5158962865443422
