9
9
7.596950397786754
9.061691065041307
-6.584965496253357
-1.200867384505291
2.409382715634021
-1.75801519576382
1.12752393124835
-0.6934923179214842
0.2565666029484859
-7.596950397785812
-9.061691065040554
6.584965496253483
1.200867384505286
-2.409382715634022
1.758015195763818
-1.12752393124835
0.6934923179214837
-0.256566602948486
-121.4892140772637
-62.79574954348008
63.19559680926884
15.3776740078288
-3.639194903993754
-2.81948900631266
2.429416499241801
-1.325926175971301
0.437817344232001
121.4892140772571
62.79574954347388
-63.19559680927053
-15.37767400782893
3.639194903993781
2.819489006312658
-2.429416499241788
1.325926175971287
-0.4378173442319948
456.5732558559567
143.246030644279
-183.5230654013947
-70.97348384085944
-5.262623777975782
3.372383823256357
-2.009062189019104
2.788088587037392
-1.391794371873653
-456.5732558559321
-143.2460306442563
183.5230654014009
70.97348384085998
5.262623777975712
-3.372383823256364
2.009062189019048
-2.788088587037334
1.391794371873617
4.808953235624358e-11
4.263256414560601e-11
1.088183918348777e-11
9.30121777791709e-13
-9.456325971701083e-15
-3.040657495424386e-14
-3.539738079727364e-14
4.657027307945697e-14
-2.95481667485151e-14
-579.8295575429569
-132.9201698249419
203.4141818106884
101.3610145281666
12.04916325039714
9.694131102722906
-7.585723128096578
7.216158859635627
-3.227539767962368
579.82955754289
132.9201698248824
-203.4141818107036
-101.3610145281679
-12.04916325039711
-9.694131102722878
7.585723128096619
-7.2161588596357
3.227539767962407
