8
8
-6.880554167819959
-4.163839563481033
6.392305181617422
-1.386156107678929
-0.382769296449822
0.5904583984009943
-0.4503309703318081
0.1772931348670285
-6.880554167819941
-4.163839563481015
6.392305181617437
-1.386156107678927
-0.3827692964498209
0.5904583984009935
-0.4503309703318073
0.1772931348670281
-68.9530013265551
-12.64611398065092
38.2836560967541
2.909338419424845
-0.1305072182114916
-2.519003671085539
2.197682022855702
-0.870023042923018
-68.95300132655504
-12.64611398065079
38.28365609675416
2.909338419424862
-0.1305072182114917
-2.519003671085534
2.197682022855697
-0.870023042923016
173.9520017234427
7.977292918206388
-75.32053308751114
-23.78504644820105
0.1239403102398774
-1.654327307046332
1.453476153468997
-0.4259641323337812
173.9520017234429
7.977292918206217
-75.32053308751132
-23.78504644820111
0.1239403102398776
-1.654327307046346
1.453476153469007
-0.4259641323337854
-111.8675187786586
0.5919824976531345
43.34807103363187
19.50223217376372
-0.3265779847193096
4.535628220074528
-3.911478392401159
1.980049792299922
-111.8675187786587
0.5919824976533903
43.34807103363216
19.5022321737639
-0.3265779847192828
4.535628220074567
-3.911478392401193
1.980049792299939
