7
7
-5.494030828446358
-0.4233619397137218
4.5169894859882
-2.085845379736479
0.6971897884971592
-0.2309369173582907
0.05986417067290151
5.494030828446395
0.4233619397137267
-4.516989485988205
2.085845379736476
-0.6971897884971583
0.2309369173582896
-0.05986417067290117
34.42871728746565
-5.940294579658719
-17.91531876675202
-0.6017837367268601
-0.06632317608320382
1.115425127971064
-0.5732454785463733
-34.42871728746567
5.940294579658721
17.91531876675204
0.6017837367268681
0.06632317608320326
-1.115425127971062
0.5732454785463725
4.263256414560601e-14
7.105427357601002e-14
3.575407336701098e-14
1.329988986259448e-14
-2.065783740746909e-15
3.148457118299818e-15
-1.591912831000303e-15
-53.23848084621394
13.65996484506029
22.4669801109951
8.230262077508717
-2.007922533264726
2.781732136093803
-1.284957256078887
53.23848084621393
-13.65996484506034
-22.46698011099515
-8.230262077508735
2.007922533264728
-2.781732136093805
1.284957256078887
