8
8
0.1140709603819664
8.464101356244708
1.883247835477438
-3.53300358695443
2.07477938016217
-1.077067244042139
0.5709693031390601
-0.1979105731847682
-0.1140709603820615
-8.464101356244795
-1.883247835477465
3.533003586954428
-2.07477938016217
1.07706724404214
-0.57096930313906
0.197910573184768
55.10600044197361
93.76180802393401
16.80356751148549
-9.245451375486363
-1.544352293606079
0.9476096428078573
0.06758362307298971
-0.1494435657082682
-55.10600044197344
-93.7618080239338
-16.80356751148536
9.245451375486388
1.544352293606083
-0.9476096428078606
-0.06758362307298704
0.1494435657082664
-331.0542556421791
-343.9494739259082
-83.98648003632542
-0.698748875037662
6.0889437887888
-3.031578396578048
3.634479302306403
-1.703284104799048
331.0542556421794
343.9494739259083
83.9864800363253
0.6987488750376203
-6.088943788788807
3.031578396578052
-3.634479302306406
1.70328410479905
720.7142246438269
621.1397242574137
182.2328901744974
24.08841142982821
5.66680746508311
-3.047048734672522
3.075511671445851
-1.383209034617238
-720.7142246438272
-621.1397242574137
-182.2328901744973
-24.08841142982819
-5.666807465083117
3.047048734672529
-3.075511671445859
1.383209034617241
