6
6
-2.963197528060748
-4.959035105262778
2.013655151647483
-0.07783217024896882
-0.2359872218852879
0.1148536365906481
2.96319752806077
4.959035105262783
-2.013655151647486
0.07783217024896896
0.2359872218852879
-0.1148536365906479
30.27497090066576
24.33292130842748
-0.5324066335349729
0.1050655737036745
-1.524508646340818
0.7109170828027904
-30.27497090066579
-24.33292130842748
0.5324066335349746
-0.1050655737036736
1.524508646340816
-0.7109170828027898
77.4446814082178
48.3402992232722
9.842492235038675
-0.3499874932334244
1.276302970429031
-0.5851358669216415
-77.4446814082178
-48.3402992232722
-9.842492235038675
0.3499874932334244
-1.276302970429031
0.5851358669216413
