6
6
0.01250627001135544
0.01250627001135544
-0.008755158113827606
-0.008755158113827606
-0.002682261823976986
-0.002682261823976986
-0.01627984934546475
-0.01627984934546475
0.01104542707769684
0.01104542707769684
0.003383885001768386
0.003383885001768386
-0.01135569540949164
-0.01135569540949164
0.01578144137855394
0.01578144137855394
0.00593353484060438
0.00593353484060438
0.1991437560247111
0.1991437560247111
-0.005734689499373488
-0.005734689499373488
0.08233627066615952
0.08233627066615952
-0.3666410777297368
-0.3666410777297368
-0.4122561154509387
-0.4122561154509387
0.4233224759162089
0.4233224759162089
-0.7995407270786319
-0.7995407270786319
-0.8765982923193747
-0.8765982923193747
0.8984630235720586
0.8984630235720586
