9
9
0.005510455378061963
0.005510455378061963
0.00146124276599964
0.00146124276599964
-0.0006921604189665025
-0.0006921604189665025
-0.0001359951949136578
-0.0001359951949136578
0.0004148108456245042
-0.01051883169901265
-0.01051883169901265
-0.001819285392604979
-0.001819285392604979
0.001051830526277732
0.001051830526277732
6.147560003718201e-05
6.147560003718201e-05
-0.0004464124204878389
0.02013449338477781
0.02013449338477781
0.0005506904042140832
0.0005506904042140832
-0.0008141471279298968
-0.0008141471279298968
-0.0001575305398501299
-0.0001575305398501299
0.0005295240367426128
-0.04212790122682697
-0.04212790122682697
0.004067717482943955
0.004067717482943955
0.0001576704039985086
0.0001576704039985086
-0.0003228312053763026
-0.0003228312053763026
0.0002101350193292283
0.08862948843293975
0.08862948843293975
-0.001622878417914234
-0.001622878417914234
-0.008617946434716453
-0.008617946434716453
0.0002790548039428508
0.0002790548039428508
0.004668115975665847
-0.1248069702701176
-0.1248069702701176
-0.07232593658415322
-0.07232593658415322
-0.01449261716530552
-0.01449261716530552
0.01940027945307227
0.01940027945307227
0.03029421004985644
-0.1407094538302169
-0.1407094538302169
0.02605408410301946
0.02605408410301946
0.1078282291161393
0.1078282291161393
0.1473459386792883
0.1473459386792883
0.1592589318865897
0.4646945104041501
0.4646945104041501
0.4945070908619137
0.4945070908619137
0.5021649310423287
0.5021649310423287
0.5046594852059504
0.5046594852059504
0.5052529106674266
0.7148674398535467
0.7148674398535467
0.7959577847529042
0.7959577847529042
0.8282818431604337
0.8282818431604337
0.8431576951806883
0.8431576951806883
0.8475941614373063
