5
5
-0.008540546173131932
-0.008540546173131932
-0.01041747809252301
-0.01041747809252301
-0.01251758622050399
0.04183769434268141
0.04183769434268141
-0.006959948612563121
-0.006959948612563121
-0.001491670151892078
-0.1922402209240486
-0.1922402209240486
0.01760533215690881
0.01760533215690881
-0.07298187638809137
0.31511474834718
0.31511474834718
0.3699238253278911
0.3699238253278911
-0.3800914400035696
0.833870952857231
0.833870952857231
0.9075632048996068
0.9075632048996068
-0.9219789736812095
