8
8
0.01224241993879624
0.01224241993879624
-0.0001264658252694958
-0.0001264658252694958
0.001364509729394077
0.001364509729394077
-0.0005633474965411684
-0.0005633474965411684
-0.02253283557191692
-0.02253283557191692
-0.001121345137657049
-0.001121345137657049
-0.00146852112414433
-0.00146852112414433
0.0006738618996488279
0.0006738618996488279
0.03988517203344197
0.03988517203344197
0.00480708118501785
0.00480708118501785
0.0004275783184776807
0.0004275783184776807
-0.0004363636151281375
-0.0004363636151281375
-0.06950684593421159
-0.06950684593421159
-0.003392315931165671
-0.003392315931165671
-0.005453936454347091
-0.005453936454347091
0.00255815787223173
0.00255815787223173
0.0761763848553173
0.0761763848553173
-0.05134421287749445
-0.05134421287749445
-0.004834055720480367
-0.004834055720480367
0.01957571242824784
0.01957571242824784
0.1710384751774888
0.1710384751774888
0.01194586766740016
0.01194586766740016
0.09705926231276342
0.09705926231276342
0.1321328672411825
0.1321328672411825
-0.4407708820442414
-0.4407708820442414
0.4733540281648519
0.4733540281648519
0.4818259416832292
0.4818259416832292
0.4844197712731623
0.4844197712731623
-0.7401296816058154
-0.7401296816058154
0.8206160219826277
0.8206160219826277
0.8505802415942397
0.8505802415942397
0.8623477253995474
0.8623477253995474
