7
7
0.01657002665758587
0.01657002665758587
-0.003436740676643589
-0.003436740676643589
-0.001082758689509951
-0.001082758689509951
0.002153754627301524
-0.02929597411372371
-0.02929597411372371
0.007132176154523345
0.007132176154523345
-5.827618421390656e-05
-5.827618421390656e-05
-0.001600025077866306
0.04409687811500423
0.04409687811500423
-0.007254947055690457
-0.007254947055690457
-0.002056151646316999
-0.002056151646316999
0.004059107301977049
-0.02935977669863096
-0.02935977669863096
-0.03167204809638436
-0.03167204809638436
0.002723029700740573
0.002723029700740573
0.01575048807951236
-0.1914368152265831
-0.1914368152265831
0.004548318815798341
0.004548318815798341
0.0889162375758408
0.0889162375758408
0.1129776610247217
0.408408523647641
0.408408523647641
0.4462705331493343
0.4462705331493343
0.4560878304097073
0.4560878304097073
0.4583810431843788
0.76828502168329
0.76828502168329
0.8474978658767808
0.8474978658767808
0.8741468710187171
0.8741468710187171
0.8813915783535191
